100
-290.59678096818
-981.80745727467
701.66141432787
327.22796934062
-397.17185655477
-193.46719756418
-426.78160566221
-962.1339710253
128.9676461038
-128.21338192011
895.53194767587
-732.86549734551
-586.15967891466
85.424871689372
751.55750371123
94.056279907961
947.08483291188
-700.71670678478
506.8329896344
509.17883380744
-531.21431708858
-201.06253083845
-132.85302889201
-261.12593955413
-526.62214335363
-589.86545055633
-206.30855635102
-671.99595443532
967.59441772829
-599.73229914891
997.30098713064
190.06304870828
74.092983768365
843.04382179074
671.12919672911
8.580210157009
901.5836799059
-563.92111422677
-831.05620361448
962.59539386378
-541.17446557673
-277.44161769629
229.45900877447
-37.373138143389
-500.11584884492
-240.7756583955
535.14183663537
592.47569907106
826.58875166745
-797.46347749488
-759.58137109856
-410.72135298081
-100.99633182445
-17.773631502769
-719.34832060679
-755.35364623896
-990.33156595674
952.87394148897
426.64374663804
-455.38366840006
-324.91523368513
-284.67910424093
959.22162102499
-221.12211083114
-790.73607911856
-168.80955880918
-727.60742238146
-549.55274590736
956.24872574408
-751.94004259628
-608.07187650729
-290.77784311528
844.88885190566
-211.4648740792
69.754379368273
-138.97880219807
337.06426962142
-953.75475099019
-556.74276200903
-850.62029298889
385.30230586664
-70.943863629803
-86.904515087094
-375.23813796008
531.8286593686
946.25808668614
112.8681232747
-808.05551158639
341.92365563564
212.0058402475
765.88122256374
-338.69403476766
582.97678529424
373.38932015625
-281.93505447448
-820.53873307097
914.41291939207
58.262749136548
-443.5739728825
-460.29329554191
